Dataset, Method, mae, max-feature, mean-fmeasure, adp-fmeasure, max-Emeasure, mean-Emeasure, adp-Emeasure, S-measure_alpha05, Fbw-measure
High, DANet, 0.0480 , 0.8878 , 0.8617 , 0.8604 , 0.9292 , 0.9173 , 0.9236 , 0.8880 , 0.8242 
High, DFMNet, 0.0467 , 0.8904 , 0.8733 , 0.8738 , 0.9314 , 0.9204 , 0.9280 , 0.8878 , 0.8426 
High, JL-DCF, 0.0476 , 0.8879 , 0.8741 , 0.8733 , 0.9271 , 0.9198 , 0.9245 , 0.8808 , 0.8468 
High, UCNet, 0.0473 , 0.8778 , 0.8605 , 0.8609 , 0.9233 , 0.9193 , 0.9205 , 0.8757 , 0.8241 
Low, DANet, 0.0712 , 0.8807 , 0.8586 , 0.8498 , 0.9080 , 0.8943 , 0.8918 , 0.8590 , 0.8225 
Low, DFMNet, 0.0700 , 0.8732 , 0.8608 , 0.8636 , 0.9017 , 0.8871 , 0.8804 , 0.8608 , 0.8311 
Low, JL-DCF, 0.0613 , 0.8921 , 0.8790 , 0.8792 , 0.9132 , 0.9043 , 0.8948 , 0.8720 , 0.8557 
Low, UCNet, 0.0729 , 0.8490 , 0.8422 , 0.8477 , 0.8892 , 0.8838 , 0.8727 , 0.8383 , 0.8103 
Multi, DANet, 0.0742 , 0.8763 , 0.8565 , 0.8535 , 0.9052 , 0.8904 , 0.8988 , 0.8405 , 0.8274 
Multi, DFMNet, 0.0788 , 0.8657 , 0.8521 , 0.8608 , 0.8987 , 0.8711 , 0.8828 , 0.8309 , 0.8321 
Multi, JL-DCF, 0.0808 , 0.8643 , 0.8547 , 0.8617 , 0.8976 , 0.8717 , 0.8814 , 0.8182 , 0.8366 
Multi, UCNet, 0.0726 , 0.8657 , 0.8590 , 0.8627 , 0.9012 , 0.8900 , 0.8885 , 0.8291 , 0.8334 
Single, DANet, 0.0364 , 0.8975 , 0.8674 , 0.8635 , 0.9464 , 0.9309 , 0.9339 , 0.9121 , 0.8252 
Single, DFMNet, 0.0314 , 0.9065 , 0.8846 , 0.8796 , 0.9534 , 0.9434 , 0.9464 , 0.9188 , 0.8475 
Single, JL-DCF, 0.0290 , 0.9127 , 0.8909 , 0.8846 , 0.9578 , 0.9487 , 0.9468 , 0.9212 , 0.8590 
Single, UCNet, 0.0358 , 0.8876 , 0.8642 , 0.8634 , 0.9432 , 0.9342 , 0.9350 , 0.8999 , 0.8232 
complex, DANet, 0.0679 , 0.7569 , 0.7317 , 0.6835 , 0.8571 , 0.8414 , 0.8193 , 0.8205 , 0.6729 
complex, DFMNet, 0.0705 , 0.7602 , 0.7282 , 0.7071 , 0.8566 , 0.8411 , 0.8116 , 0.8189 , 0.6686 
complex, JL-DCF, 0.0699 , 0.7769 , 0.7523 , 0.7334 , 0.8650 , 0.8495 , 0.8160 , 0.8262 , 0.7007 
complex, UCNet, 0.0647 , 0.7737 , 0.7635 , 0.7593 , 0.8623 , 0.8585 , 0.8395 , 0.8261 , 0.7190 
large, DANet, 0.0800 , 0.9349 , 0.9244 , 0.7624 , 0.9139 , 0.8963 , 0.7605 , 0.8747 , 0.9162 
large, DFMNet, 0.0773 , 0.9326 , 0.9241 , 0.9234 , 0.9144 , 0.9013 , 0.7430 , 0.8764 , 0.9084 
large, JL-DCF, 0.0819 , 0.9309 , 0.9245 , 0.9244 , 0.9157 , 0.8924 , 0.7509 , 0.8670 , 0.9150 
large, UCNet, 0.0800 , 0.9235 , 0.9205 , 0.9247 , 0.9151 , 0.8985 , 0.7574 , 0.8621 , 0.9095 
medium, DANet, 0.0462 , 0.9081 , 0.8850 , 0.8944 , 0.9425 , 0.9300 , 0.9442 , 0.9016 , 0.8505 
medium, DFMNet, 0.0454 , 0.9092 , 0.8910 , 0.8993 , 0.9428 , 0.9327 , 0.9454 , 0.9018 , 0.8584 
medium, JL-DCF, 0.0427 , 0.9153 , 0.9009 , 0.9070 , 0.9452 , 0.9370 , 0.9464 , 0.9034 , 0.8743 
medium, UCNet, 0.0437 , 0.9037 , 0.8921 , 0.8955 , 0.9405 , 0.9366 , 0.9419 , 0.8931 , 0.8612 
simple, DANet, 0.0169 , 0.9701 , 0.9463 , 0.9523 , 0.9864 , 0.9751 , 0.9832 , 0.9602 , 0.9278 
simple, DFMNet, 0.0135 , 0.9789 , 0.9582 , 0.9597 , 0.9902 , 0.9820 , 0.9871 , 0.9671 , 0.9430 
simple, JL-DCF, 0.0119 , 0.9806 , 0.9625 , 0.9639 , 0.9905 , 0.9839 , 0.9882 , 0.9687 , 0.9511 
simple, UCNet,  0.0139 , 0.9715 , 0.9557 , 0.9576 , 0.9870 , 0.9821 , 0.9852 , 0.9572 , 0.9393 
small, DANet, 0.0440 , 0.7904 , 0.7540 , 0.7324 , 0.8946 , 0.8748 , 0.8772 , 0.8590 , 0.6927 
small, DFMNet, 0.0417 , 0.8053 , 0.7650 , 0.7301 , 0.9130 , 0.8938 , 0.8852 , 0.8635 , 0.6976 
small, JL-DCF, 0.0374 , 0.8191 , 0.7817 , 0.7504 , 0.9187 , 0.9020 , 0.8949 , 0.8713 , 0.7244 
small, UCNet, 0.0389 , 0.7938 , 0.7662 , 0.7607 , 0.9016 , 0.8902 , 0.8943 , 0.8558 , 0.7114 
uncertain, DANet, 0.0425 , 0.8991 , 0.8737 , 0.8581 , 0.9435 , 0.9291 , 0.9256 , 0.9053 , 0.8356 
uncertain, DFMNet, 0.0415 , 0.9015 , 0.8748 , 0.8707 , 0.9475 , 0.9351 , 0.9241 , 0.9053 , 0.8310 
uncertain, JL-DCF, 0.0369 , 0.9113 , 0.8908 , 0.8869 , 0.9517 , 0.9420 , 0.9327 , 0.9127 , 0.8563 
uncertain, UCNet, 0.0389 , 0.8949 , 0.8833 , 0.8847 , 0.9422 , 0.9382 , 0.9293 , 0.8981 , 0.8500 
